{
 "cells": [
  {
   "cell_type": "markdown",
   "id": "green-radiation",
   "metadata": {},
   "source": [
    "# Loading a Sample Dataset and Calculating the Mean using NumPy"
   ]
  },
  {
   "cell_type": "code",
   "execution_count": 1,
   "id": "multiple-alaska",
   "metadata": {},
   "outputs": [],
   "source": [
    "# import package\n",
    "import numpy as np"
   ]
  },
  {
   "cell_type": "code",
   "execution_count": 2,
   "id": "closed-broadway",
   "metadata": {},
   "outputs": [
    {
     "data": {
      "text/plain": [
       "array([[ 99.14931546, 104.03852715, 107.43534677,  97.85230675,\n",
       "         98.74986914,  98.80833412,  96.81964892,  98.56783189],\n",
       "       [ 92.02628776,  97.10439252,  99.32066924,  97.24584816,\n",
       "         92.9267508 ,  92.65657752, 105.7197853 , 101.23162942],\n",
       "       [ 95.66253664,  95.17750125,  90.93318132, 110.18889465,\n",
       "         98.80084371, 105.95297652,  98.37481387, 106.54654286],\n",
       "       [ 91.37294597, 100.96781394, 100.40118279, 113.42090475,\n",
       "        105.48508838,  91.6604946 , 106.1472841 ,  95.08715803],\n",
       "       [101.20862522, 103.5730309 , 100.28690912, 105.85269352,\n",
       "         93.37126331, 108.57980357, 100.79478953,  94.20019732],\n",
       "       [102.80387079,  98.29687616,  93.24376389,  97.24130034,\n",
       "         89.03452725,  96.2832753 , 104.60344836, 101.13442416],\n",
       "       [106.71751618, 102.97585605,  98.45723272, 100.72418901,\n",
       "        106.39798503,  95.46493436,  94.35373179, 106.83273763],\n",
       "       [ 96.02548256, 102.82360856, 106.47551845, 101.34745901,\n",
       "        102.45651798,  98.74767493,  97.57544275,  92.5748759 ],\n",
       "       [105.30350449,  92.87730812, 103.19258339, 104.40518318,\n",
       "        101.29326772, 100.85447132, 101.2226037 , 106.03868807],\n",
       "       [110.44484313,  93.87155456, 101.5363647 ,  97.65393524,\n",
       "         92.75048583, 101.72074646,  96.96851209, 103.29147111],\n",
       "       [101.3514185 , 100.37372248, 106.6471081 , 100.61742813,\n",
       "        105.0320535 ,  99.35999981,  98.87007532,  95.85284217],\n",
       "       [ 97.21315663, 107.02874163, 102.17642112,  96.74630281,\n",
       "         95.93799169, 102.62384733, 105.07475277,  97.59572169],\n",
       "       [ 95.65982034, 107.22482426, 107.19119932, 102.93039474,\n",
       "         85.98839623,  95.19184343,  91.32093303, 102.35313953],\n",
       "       [100.39303522,  92.0108226 ,  97.75887636,  93.18884302,\n",
       "        100.44940274, 108.09423367,  96.50342927,  99.58664719],\n",
       "       [103.1521596 , 109.40523174,  93.83969256,  99.95827854,\n",
       "        101.83462816,  99.69982772, 103.05289628, 103.93383957],\n",
       "       [106.11454989,  88.80221141,  94.5081787 ,  94.59300658,\n",
       "        101.08830521,  96.34622848,  96.89244283,  98.07122664],\n",
       "       [ 96.78266211,  99.84251605, 104.03478031, 106.57052697,\n",
       "        105.13668343, 105.37011896,  99.07551254, 104.15899829],\n",
       "       [101.86186193, 103.61720152,  99.57859892,  99.4889538 ,\n",
       "        103.05541444,  98.65912661,  98.72774132, 104.70526438],\n",
       "       [ 97.49594839,  96.59385486, 104.63817694, 102.55198606,\n",
       "        105.86078488,  96.5937781 ,  93.04610867,  99.92159953],\n",
       "       [ 96.76814836,  91.6779221 , 101.79132774, 101.20773355,\n",
       "         98.29243952, 101.83845792,  97.94046856, 102.20618501],\n",
       "       [106.89005002, 106.57364584, 102.26648279, 107.40064604,\n",
       "         99.94318168, 103.40412146, 106.38276709,  98.00253006],\n",
       "       [ 99.80873105, 101.63973121, 106.46476468, 110.43976681,\n",
       "        100.69156231,  99.99579473, 101.32113654,  94.76253572],\n",
       "       [ 96.10020311,  94.57421727, 100.80409326, 105.02389857,\n",
       "         98.61325194,  95.62359311,  97.99762409, 103.83852459],\n",
       "       [ 94.11176915,  99.62387832, 104.51786419,  97.62787811,\n",
       "         93.97853495,  98.75108352, 106.05042487, 100.07721494]])"
      ]
     },
     "execution_count": 2,
     "metadata": {},
     "output_type": "execute_result"
    }
   ],
   "source": [
    "# load the data\n",
    "dataset = np.genfromtxt('Datasets/normal_distribution.csv', delimiter=',')\n",
    "dataset"
   ]
  },
  {
   "cell_type": "code",
   "execution_count": 3,
   "id": "pursuant-eating",
   "metadata": {},
   "outputs": [
    {
     "data": {
      "text/plain": [
       "(24, 8)"
      ]
     },
     "execution_count": 3,
     "metadata": {},
     "output_type": "execute_result"
    }
   ],
   "source": [
    "# print the shape\n",
    "dataset.shape"
   ]
  },
  {
   "cell_type": "code",
   "execution_count": 4,
   "id": "settled-affect",
   "metadata": {},
   "outputs": [
    {
     "data": {
      "text/plain": [
       "100.177647525"
      ]
     },
     "execution_count": 4,
     "metadata": {},
     "output_type": "execute_result"
    }
   ],
   "source": [
    "# calculate the mean of the first row\n",
    "np.mean(dataset[0])"
   ]
  },
  {
   "cell_type": "code",
   "execution_count": 5,
   "id": "maritime-viewer",
   "metadata": {},
   "outputs": [
    {
     "data": {
      "text/plain": [
       "99.76743510416668"
      ]
     },
     "execution_count": 5,
     "metadata": {},
     "output_type": "execute_result"
    }
   ],
   "source": [
    "# calculate the mean ot the first column\n",
    "np.mean(dataset[:, 0])"
   ]
  },
  {
   "cell_type": "code",
   "execution_count": 6,
   "id": "studied-harvard",
   "metadata": {},
   "outputs": [
    {
     "data": {
      "text/plain": [
       "array([100.17764752,  97.27899259, 100.20466135, 100.56785907,\n",
       "       100.98341406,  97.83018578, 101.49052285,  99.75332252,\n",
       "       101.89845125,  99.77973914, 101.013081  , 100.54961696,\n",
       "        98.48256886,  98.49816126, 101.85956927,  97.05201872,\n",
       "       102.62147483, 101.21177037,  99.58777968,  98.96533534,\n",
       "       103.85792812, 101.89050288,  99.07192574,  99.34233101])"
      ]
     },
     "execution_count": 6,
     "metadata": {},
     "output_type": "execute_result"
    }
   ],
   "source": [
    "# Calculate the mean for every single row, aggregated in a list\n",
    "np.mean(dataset, axis=1)"
   ]
  },
  {
   "cell_type": "code",
   "execution_count": 7,
   "id": "unauthorized-orbit",
   "metadata": {},
   "outputs": [
    {
     "data": {
      "text/plain": [
       "array([ 99.7674351 ,  99.61229127, 101.14584656, 101.8449316 ,\n",
       "        99.04871791,  99.67838931,  99.7848489 , 100.44049274])"
      ]
     },
     "execution_count": 7,
     "metadata": {},
     "output_type": "execute_result"
    }
   ],
   "source": [
    "# calculate the mean for every single columns\n",
    "np.mean(dataset, axis=0)"
   ]
  },
  {
   "cell_type": "code",
   "execution_count": 8,
   "id": "electronic-plenty",
   "metadata": {},
   "outputs": [
    {
     "data": {
      "text/plain": [
       "100.16536917390624"
      ]
     },
     "execution_count": 8,
     "metadata": {},
     "output_type": "execute_result"
    }
   ],
   "source": [
    "# calculate the mean of the whole matrix\n",
    "np.mean(dataset)"
   ]
  },
  {
   "cell_type": "markdown",
   "id": "animated-earthquake",
   "metadata": {},
   "source": [
    "# Indexing, Slicing, Splitting, and Iterating"
   ]
  },
  {
   "cell_type": "code",
   "execution_count": 9,
   "id": "aggressive-playback",
   "metadata": {},
   "outputs": [
    {
     "data": {
      "text/plain": [
       "97.27899259"
      ]
     },
     "execution_count": 9,
     "metadata": {},
     "output_type": "execute_result"
    }
   ],
   "source": [
    "# Use simple indexing for the second row\n",
    "np.mean(dataset[1])"
   ]
  },
  {
   "cell_type": "code",
   "execution_count": 10,
   "id": "driving-triple",
   "metadata": {},
   "outputs": [
    {
     "data": {
      "text/plain": [
       "99.34233100624999"
      ]
     },
     "execution_count": 10,
     "metadata": {},
     "output_type": "execute_result"
    }
   ],
   "source": [
    "# reverse index the last row and calculate the mean of that row\n",
    "np.mean(dataset[-1])"
   ]
  },
  {
   "cell_type": "code",
   "execution_count": 11,
   "id": "incredible-plymouth",
   "metadata": {},
   "outputs": [
    {
     "data": {
      "text/plain": [
       "99.14931546"
      ]
     },
     "execution_count": 11,
     "metadata": {},
     "output_type": "execute_result"
    }
   ],
   "source": [
    "# index the first value of the first row\n",
    "np.mean(dataset[0][0])"
   ]
  },
  {
   "cell_type": "code",
   "execution_count": 12,
   "id": "bottom-bargain",
   "metadata": {},
   "outputs": [
    {
     "data": {
      "text/plain": [
       "103.83852459"
      ]
     },
     "execution_count": 12,
     "metadata": {},
     "output_type": "execute_result"
    }
   ],
   "source": [
    "# Use reverse indexing to access the last value of the second last row\n",
    "np.mean(dataset[-2, -1])"
   ]
  },
  {
   "cell_type": "code",
   "execution_count": 13,
   "id": "polish-happening",
   "metadata": {},
   "outputs": [
    {
     "data": {
      "text/plain": [
       "95.63393608250001"
      ]
     },
     "execution_count": 13,
     "metadata": {},
     "output_type": "execute_result"
    }
   ],
   "source": [
    "# Create a 2x2 matrix that starts at the second row and second column\n",
    "sub_matrix = dataset[1:3, 1:3]\n",
    "np.mean(sub_matrix)"
   ]
  },
  {
   "cell_type": "code",
   "execution_count": 14,
   "id": "opposed-queue",
   "metadata": {},
   "outputs": [
    {
     "data": {
      "text/plain": [
       "98.915396795"
      ]
     },
     "execution_count": 14,
     "metadata": {},
     "output_type": "execute_result"
    }
   ],
   "source": [
    "# have every other element of the fifth row\n",
    "np.mean(dataset[4, ::2])"
   ]
  },
  {
   "cell_type": "code",
   "execution_count": 15,
   "id": "informative-crack",
   "metadata": {},
   "outputs": [],
   "source": [
    "# split our dataset into two equal parts\n",
    "h_split = np.hsplit(dataset, (2))"
   ]
  },
  {
   "cell_type": "code",
   "execution_count": 16,
   "id": "martial-gregory",
   "metadata": {},
   "outputs": [],
   "source": [
    "# Split the first third into two equal parts vertically\n",
    "v_split = np.vsplit(dataset, (2))"
   ]
  },
  {
   "cell_type": "code",
   "execution_count": 17,
   "id": "coordinate-pencil",
   "metadata": {},
   "outputs": [
    {
     "name": "stdout",
     "output_type": "stream",
     "text": [
      "99.14931546 0\n",
      "104.03852715 1\n",
      "107.43534677 2\n",
      "97.85230675 3\n",
      "98.74986914 4\n",
      "98.80833412 5\n",
      "96.81964892 6\n",
      "98.56783189 7\n",
      "92.02628776 8\n",
      "97.10439252 9\n",
      "99.32066924 10\n",
      "97.24584816 11\n",
      "92.9267508 12\n",
      "92.65657752 13\n",
      "105.7197853 14\n",
      "101.23162942 15\n",
      "95.66253664 16\n",
      "95.17750125 17\n",
      "90.93318132 18\n",
      "110.18889465 19\n",
      "98.80084371 20\n",
      "105.95297652 21\n",
      "98.37481387 22\n",
      "106.54654286 23\n",
      "91.37294597 24\n",
      "100.96781394 25\n",
      "100.40118279 26\n",
      "113.42090475 27\n",
      "105.48508838 28\n",
      "91.6604946 29\n",
      "106.1472841 30\n",
      "95.08715803 31\n",
      "101.20862522 32\n",
      "103.5730309 33\n",
      "100.28690912 34\n",
      "105.85269352 35\n",
      "93.37126331 36\n",
      "108.57980357 37\n",
      "100.79478953 38\n",
      "94.20019732 39\n",
      "102.80387079 40\n",
      "98.29687616 41\n",
      "93.24376389 42\n",
      "97.24130034 43\n",
      "89.03452725 44\n",
      "96.2832753 45\n",
      "104.60344836 46\n",
      "101.13442416 47\n",
      "106.71751618 48\n",
      "102.97585605 49\n",
      "98.45723272 50\n",
      "100.72418901 51\n",
      "106.39798503 52\n",
      "95.46493436 53\n",
      "94.35373179 54\n",
      "106.83273763 55\n",
      "96.02548256 56\n",
      "102.82360856 57\n",
      "106.47551845 58\n",
      "101.34745901 59\n",
      "102.45651798 60\n",
      "98.74767493 61\n",
      "97.57544275 62\n",
      "92.5748759 63\n",
      "105.30350449 64\n",
      "92.87730812 65\n",
      "103.19258339 66\n",
      "104.40518318 67\n",
      "101.29326772 68\n",
      "100.85447132 69\n",
      "101.2226037 70\n",
      "106.03868807 71\n",
      "110.44484313 72\n",
      "93.87155456 73\n",
      "101.5363647 74\n",
      "97.65393524 75\n",
      "92.75048583 76\n",
      "101.72074646 77\n",
      "96.96851209 78\n",
      "103.29147111 79\n",
      "101.3514185 80\n",
      "100.37372248 81\n",
      "106.6471081 82\n",
      "100.61742813 83\n",
      "105.0320535 84\n",
      "99.35999981 85\n",
      "98.87007532 86\n",
      "95.85284217 87\n",
      "97.21315663 88\n",
      "107.02874163 89\n",
      "102.17642112 90\n",
      "96.74630281 91\n",
      "95.93799169 92\n",
      "102.62384733 93\n",
      "105.07475277 94\n",
      "97.59572169 95\n",
      "95.65982034 96\n",
      "107.22482426 97\n",
      "107.19119932 98\n",
      "102.93039474 99\n",
      "85.98839623 100\n",
      "95.19184343 101\n",
      "91.32093303 102\n",
      "102.35313953 103\n",
      "100.39303522 104\n",
      "92.0108226 105\n",
      "97.75887636 106\n",
      "93.18884302 107\n",
      "100.44940274 108\n",
      "108.09423367 109\n",
      "96.50342927 110\n",
      "99.58664719 111\n",
      "103.1521596 112\n",
      "109.40523174 113\n",
      "93.83969256 114\n",
      "99.95827854 115\n",
      "101.83462816 116\n",
      "99.69982772 117\n",
      "103.05289628 118\n",
      "103.93383957 119\n",
      "106.11454989 120\n",
      "88.80221141 121\n",
      "94.5081787 122\n",
      "94.59300658 123\n",
      "101.08830521 124\n",
      "96.34622848 125\n",
      "96.89244283 126\n",
      "98.07122664 127\n",
      "96.78266211 128\n",
      "99.84251605 129\n",
      "104.03478031 130\n",
      "106.57052697 131\n",
      "105.13668343 132\n",
      "105.37011896 133\n",
      "99.07551254 134\n",
      "104.15899829 135\n",
      "101.86186193 136\n",
      "103.61720152 137\n",
      "99.57859892 138\n",
      "99.4889538 139\n",
      "103.05541444 140\n",
      "98.65912661 141\n",
      "98.72774132 142\n",
      "104.70526438 143\n",
      "97.49594839 144\n",
      "96.59385486 145\n",
      "104.63817694 146\n",
      "102.55198606 147\n",
      "105.86078488 148\n",
      "96.5937781 149\n",
      "93.04610867 150\n",
      "99.92159953 151\n",
      "96.76814836 152\n",
      "91.6779221 153\n",
      "101.79132774 154\n",
      "101.20773355 155\n",
      "98.29243952 156\n",
      "101.83845792 157\n",
      "97.94046856 158\n",
      "102.20618501 159\n",
      "106.89005002 160\n",
      "106.57364584 161\n",
      "102.26648279 162\n",
      "107.40064604 163\n",
      "99.94318168 164\n",
      "103.40412146 165\n",
      "106.38276709 166\n",
      "98.00253006 167\n",
      "99.80873105 168\n",
      "101.63973121 169\n",
      "106.46476468 170\n",
      "110.43976681 171\n",
      "100.69156231 172\n",
      "99.99579473 173\n",
      "101.32113654 174\n",
      "94.76253572 175\n",
      "96.10020311 176\n",
      "94.57421727 177\n",
      "100.80409326 178\n",
      "105.02389857 179\n",
      "98.61325194 180\n",
      "95.62359311 181\n",
      "97.99762409 182\n",
      "103.83852459 183\n",
      "94.11176915 184\n",
      "99.62387832 185\n",
      "104.51786419 186\n",
      "97.62787811 187\n",
      "93.97853495 188\n",
      "98.75108352 189\n",
      "106.05042487 190\n",
      "100.07721494 191\n"
     ]
    }
   ],
   "source": [
    "# Iterate over the whole dataset\n",
    "cont = 0\n",
    "for x in np.nditer(dataset):\n",
    "    print(x, cont)\n",
    "    cont = cont + 1"
   ]
  },
  {
   "cell_type": "code",
   "execution_count": 18,
   "id": "jewish-binding",
   "metadata": {},
   "outputs": [
    {
     "name": "stdout",
     "output_type": "stream",
     "text": [
      "(0, 0) 99.14931546\n",
      "(0, 1) 104.03852715\n",
      "(0, 2) 107.43534677\n",
      "(0, 3) 97.85230675\n",
      "(0, 4) 98.74986914\n",
      "(0, 5) 98.80833412\n",
      "(0, 6) 96.81964892\n",
      "(0, 7) 98.56783189\n",
      "(1, 0) 92.02628776\n",
      "(1, 1) 97.10439252\n",
      "(1, 2) 99.32066924\n",
      "(1, 3) 97.24584816\n",
      "(1, 4) 92.9267508\n",
      "(1, 5) 92.65657752\n",
      "(1, 6) 105.7197853\n",
      "(1, 7) 101.23162942\n",
      "(2, 0) 95.66253664\n",
      "(2, 1) 95.17750125\n",
      "(2, 2) 90.93318132\n",
      "(2, 3) 110.18889465\n",
      "(2, 4) 98.80084371\n",
      "(2, 5) 105.95297652\n",
      "(2, 6) 98.37481387\n",
      "(2, 7) 106.54654286\n",
      "(3, 0) 91.37294597\n",
      "(3, 1) 100.96781394\n",
      "(3, 2) 100.40118279\n",
      "(3, 3) 113.42090475\n",
      "(3, 4) 105.48508838\n",
      "(3, 5) 91.6604946\n",
      "(3, 6) 106.1472841\n",
      "(3, 7) 95.08715803\n",
      "(4, 0) 101.20862522\n",
      "(4, 1) 103.5730309\n",
      "(4, 2) 100.28690912\n",
      "(4, 3) 105.85269352\n",
      "(4, 4) 93.37126331\n",
      "(4, 5) 108.57980357\n",
      "(4, 6) 100.79478953\n",
      "(4, 7) 94.20019732\n",
      "(5, 0) 102.80387079\n",
      "(5, 1) 98.29687616\n",
      "(5, 2) 93.24376389\n",
      "(5, 3) 97.24130034\n",
      "(5, 4) 89.03452725\n",
      "(5, 5) 96.2832753\n",
      "(5, 6) 104.60344836\n",
      "(5, 7) 101.13442416\n",
      "(6, 0) 106.71751618\n",
      "(6, 1) 102.97585605\n",
      "(6, 2) 98.45723272\n",
      "(6, 3) 100.72418901\n",
      "(6, 4) 106.39798503\n",
      "(6, 5) 95.46493436\n",
      "(6, 6) 94.35373179\n",
      "(6, 7) 106.83273763\n",
      "(7, 0) 96.02548256\n",
      "(7, 1) 102.82360856\n",
      "(7, 2) 106.47551845\n",
      "(7, 3) 101.34745901\n",
      "(7, 4) 102.45651798\n",
      "(7, 5) 98.74767493\n",
      "(7, 6) 97.57544275\n",
      "(7, 7) 92.5748759\n",
      "(8, 0) 105.30350449\n",
      "(8, 1) 92.87730812\n",
      "(8, 2) 103.19258339\n",
      "(8, 3) 104.40518318\n",
      "(8, 4) 101.29326772\n",
      "(8, 5) 100.85447132\n",
      "(8, 6) 101.2226037\n",
      "(8, 7) 106.03868807\n",
      "(9, 0) 110.44484313\n",
      "(9, 1) 93.87155456\n",
      "(9, 2) 101.5363647\n",
      "(9, 3) 97.65393524\n",
      "(9, 4) 92.75048583\n",
      "(9, 5) 101.72074646\n",
      "(9, 6) 96.96851209\n",
      "(9, 7) 103.29147111\n",
      "(10, 0) 101.3514185\n",
      "(10, 1) 100.37372248\n",
      "(10, 2) 106.6471081\n",
      "(10, 3) 100.61742813\n",
      "(10, 4) 105.0320535\n",
      "(10, 5) 99.35999981\n",
      "(10, 6) 98.87007532\n",
      "(10, 7) 95.85284217\n",
      "(11, 0) 97.21315663\n",
      "(11, 1) 107.02874163\n",
      "(11, 2) 102.17642112\n",
      "(11, 3) 96.74630281\n",
      "(11, 4) 95.93799169\n",
      "(11, 5) 102.62384733\n",
      "(11, 6) 105.07475277\n",
      "(11, 7) 97.59572169\n",
      "(12, 0) 95.65982034\n",
      "(12, 1) 107.22482426\n",
      "(12, 2) 107.19119932\n",
      "(12, 3) 102.93039474\n",
      "(12, 4) 85.98839623\n",
      "(12, 5) 95.19184343\n",
      "(12, 6) 91.32093303\n",
      "(12, 7) 102.35313953\n",
      "(13, 0) 100.39303522\n",
      "(13, 1) 92.0108226\n",
      "(13, 2) 97.75887636\n",
      "(13, 3) 93.18884302\n",
      "(13, 4) 100.44940274\n",
      "(13, 5) 108.09423367\n",
      "(13, 6) 96.50342927\n",
      "(13, 7) 99.58664719\n",
      "(14, 0) 103.1521596\n",
      "(14, 1) 109.40523174\n",
      "(14, 2) 93.83969256\n",
      "(14, 3) 99.95827854\n",
      "(14, 4) 101.83462816\n",
      "(14, 5) 99.69982772\n",
      "(14, 6) 103.05289628\n",
      "(14, 7) 103.93383957\n",
      "(15, 0) 106.11454989\n",
      "(15, 1) 88.80221141\n",
      "(15, 2) 94.5081787\n",
      "(15, 3) 94.59300658\n",
      "(15, 4) 101.08830521\n",
      "(15, 5) 96.34622848\n",
      "(15, 6) 96.89244283\n",
      "(15, 7) 98.07122664\n",
      "(16, 0) 96.78266211\n",
      "(16, 1) 99.84251605\n",
      "(16, 2) 104.03478031\n",
      "(16, 3) 106.57052697\n",
      "(16, 4) 105.13668343\n",
      "(16, 5) 105.37011896\n",
      "(16, 6) 99.07551254\n",
      "(16, 7) 104.15899829\n",
      "(17, 0) 101.86186193\n",
      "(17, 1) 103.61720152\n",
      "(17, 2) 99.57859892\n",
      "(17, 3) 99.4889538\n",
      "(17, 4) 103.05541444\n",
      "(17, 5) 98.65912661\n",
      "(17, 6) 98.72774132\n",
      "(17, 7) 104.70526438\n",
      "(18, 0) 97.49594839\n",
      "(18, 1) 96.59385486\n",
      "(18, 2) 104.63817694\n",
      "(18, 3) 102.55198606\n",
      "(18, 4) 105.86078488\n",
      "(18, 5) 96.5937781\n",
      "(18, 6) 93.04610867\n",
      "(18, 7) 99.92159953\n",
      "(19, 0) 96.76814836\n",
      "(19, 1) 91.6779221\n",
      "(19, 2) 101.79132774\n",
      "(19, 3) 101.20773355\n",
      "(19, 4) 98.29243952\n",
      "(19, 5) 101.83845792\n",
      "(19, 6) 97.94046856\n",
      "(19, 7) 102.20618501\n",
      "(20, 0) 106.89005002\n",
      "(20, 1) 106.57364584\n",
      "(20, 2) 102.26648279\n",
      "(20, 3) 107.40064604\n",
      "(20, 4) 99.94318168\n",
      "(20, 5) 103.40412146\n",
      "(20, 6) 106.38276709\n",
      "(20, 7) 98.00253006\n",
      "(21, 0) 99.80873105\n",
      "(21, 1) 101.63973121\n",
      "(21, 2) 106.46476468\n",
      "(21, 3) 110.43976681\n",
      "(21, 4) 100.69156231\n",
      "(21, 5) 99.99579473\n",
      "(21, 6) 101.32113654\n",
      "(21, 7) 94.76253572\n",
      "(22, 0) 96.10020311\n",
      "(22, 1) 94.57421727\n",
      "(22, 2) 100.80409326\n",
      "(22, 3) 105.02389857\n",
      "(22, 4) 98.61325194\n",
      "(22, 5) 95.62359311\n",
      "(22, 6) 97.99762409\n",
      "(22, 7) 103.83852459\n",
      "(23, 0) 94.11176915\n",
      "(23, 1) 99.62387832\n",
      "(23, 2) 104.51786419\n",
      "(23, 3) 97.62787811\n",
      "(23, 4) 93.97853495\n",
      "(23, 5) 98.75108352\n",
      "(23, 6) 106.05042487\n",
      "(23, 7) 100.07721494\n"
     ]
    }
   ],
   "source": [
    "# Use the ndenumerate method to iterate over the whole dataset\n",
    "for index, value in np.ndenumerate(dataset):\n",
    "    print(index, value)"
   ]
  },
  {
   "cell_type": "markdown",
   "id": "broke-audio",
   "metadata": {},
   "source": [
    "# Filtering, Sorting, Combining, and Reshaping"
   ]
  },
  {
   "cell_type": "code",
   "execution_count": 19,
   "id": "presidential-tradition",
   "metadata": {},
   "outputs": [
    {
     "data": {
      "text/plain": [
       "array([107.43534677, 105.7197853 , 110.18889465, 105.95297652,\n",
       "       106.54654286, 113.42090475, 105.48508838, 106.1472841 ,\n",
       "       105.85269352, 108.57980357, 106.71751618, 106.39798503,\n",
       "       106.83273763, 106.47551845, 105.30350449, 106.03868807,\n",
       "       110.44484313, 106.6471081 , 105.0320535 , 107.02874163,\n",
       "       105.07475277, 107.22482426, 107.19119932, 108.09423367,\n",
       "       109.40523174, 106.11454989, 106.57052697, 105.13668343,\n",
       "       105.37011896, 105.86078488, 106.89005002, 106.57364584,\n",
       "       107.40064604, 106.38276709, 106.46476468, 110.43976681,\n",
       "       105.02389857, 106.05042487])"
      ]
     },
     "execution_count": 19,
     "metadata": {},
     "output_type": "execute_result"
    }
   ],
   "source": [
    "# Get values greater than 105\n",
    "vals_greater_five = dataset[dataset > 105]\n",
    "vals_greater_five"
   ]
  },
  {
   "cell_type": "code",
   "execution_count": 20,
   "id": "neutral-turning",
   "metadata": {},
   "outputs": [
    {
     "data": {
      "text/plain": [
       "array([92.02628776, 92.9267508 , 92.65657752, 90.93318132, 91.37294597,\n",
       "       91.6604946 , 93.37126331, 94.20019732, 93.24376389, 94.35373179,\n",
       "       92.5748759 , 92.87730812, 93.87155456, 92.75048583, 91.32093303,\n",
       "       92.0108226 , 93.18884302, 93.83969256, 94.5081787 , 94.59300658,\n",
       "       93.04610867, 91.6779221 , 94.76253572, 94.57421727, 94.11176915,\n",
       "       93.97853495])"
      ]
     },
     "execution_count": 20,
     "metadata": {},
     "output_type": "execute_result"
    }
   ],
   "source": [
    "# Extract the values of our dataset that are between the values 90 and 95\n",
    "vals_between_90_95 = dataset[(dataset > 90) & ( dataset < 95)]\n",
    "vals_between_90_95"
   ]
  },
  {
   "cell_type": "code",
   "execution_count": 21,
   "id": "weird-detroit",
   "metadata": {},
   "outputs": [
    {
     "data": {
      "text/plain": [
       "[[0, 0],\n",
       " [1, 2],\n",
       " [3, 1],\n",
       " [3, 2],\n",
       " [4, 2],\n",
       " [4, 6],\n",
       " [6, 3],\n",
       " [8, 5],\n",
       " [10, 1],\n",
       " [10, 3],\n",
       " [10, 5],\n",
       " [13, 0],\n",
       " [13, 4],\n",
       " [13, 7],\n",
       " [14, 3],\n",
       " [14, 5],\n",
       " [16, 1],\n",
       " [16, 6],\n",
       " [17, 2],\n",
       " [17, 3],\n",
       " [18, 7],\n",
       " [20, 4],\n",
       " [21, 0],\n",
       " [21, 4],\n",
       " [21, 5],\n",
       " [22, 2],\n",
       " [23, 1],\n",
       " [23, 7]]"
      ]
     },
     "execution_count": 21,
     "metadata": {},
     "output_type": "execute_result"
    }
   ],
   "source": [
    "# Get the indices of values that have a delta of less than 1\n",
    "rows, cols = np.where(abs(dataset - 100) < 1)\n",
    "\n",
    "one_away_indices = [[rows[index], cols[index]] for (index, _) in np.ndenumerate(rows)]\n",
    "one_away_indices"
   ]
  },
  {
   "cell_type": "code",
   "execution_count": 22,
   "id": "failing-chicken",
   "metadata": {},
   "outputs": [
    {
     "data": {
      "text/plain": [
       "array([[ 96.81964892,  97.85230675,  98.56783189,  98.74986914,\n",
       "         98.80833412,  99.14931546, 104.03852715, 107.43534677],\n",
       "       [ 92.02628776,  92.65657752,  92.9267508 ,  97.10439252,\n",
       "         97.24584816,  99.32066924, 101.23162942, 105.7197853 ],\n",
       "       [ 90.93318132,  95.17750125,  95.66253664,  98.37481387,\n",
       "         98.80084371, 105.95297652, 106.54654286, 110.18889465],\n",
       "       [ 91.37294597,  91.6604946 ,  95.08715803, 100.40118279,\n",
       "        100.96781394, 105.48508838, 106.1472841 , 113.42090475],\n",
       "       [ 93.37126331,  94.20019732, 100.28690912, 100.79478953,\n",
       "        101.20862522, 103.5730309 , 105.85269352, 108.57980357],\n",
       "       [ 89.03452725,  93.24376389,  96.2832753 ,  97.24130034,\n",
       "         98.29687616, 101.13442416, 102.80387079, 104.60344836],\n",
       "       [ 94.35373179,  95.46493436,  98.45723272, 100.72418901,\n",
       "        102.97585605, 106.39798503, 106.71751618, 106.83273763],\n",
       "       [ 92.5748759 ,  96.02548256,  97.57544275,  98.74767493,\n",
       "        101.34745901, 102.45651798, 102.82360856, 106.47551845],\n",
       "       [ 92.87730812, 100.85447132, 101.2226037 , 101.29326772,\n",
       "        103.19258339, 104.40518318, 105.30350449, 106.03868807],\n",
       "       [ 92.75048583,  93.87155456,  96.96851209,  97.65393524,\n",
       "        101.5363647 , 101.72074646, 103.29147111, 110.44484313],\n",
       "       [ 95.85284217,  98.87007532,  99.35999981, 100.37372248,\n",
       "        100.61742813, 101.3514185 , 105.0320535 , 106.6471081 ],\n",
       "       [ 95.93799169,  96.74630281,  97.21315663,  97.59572169,\n",
       "        102.17642112, 102.62384733, 105.07475277, 107.02874163],\n",
       "       [ 85.98839623,  91.32093303,  95.19184343,  95.65982034,\n",
       "        102.35313953, 102.93039474, 107.19119932, 107.22482426],\n",
       "       [ 92.0108226 ,  93.18884302,  96.50342927,  97.75887636,\n",
       "         99.58664719, 100.39303522, 100.44940274, 108.09423367],\n",
       "       [ 93.83969256,  99.69982772,  99.95827854, 101.83462816,\n",
       "        103.05289628, 103.1521596 , 103.93383957, 109.40523174],\n",
       "       [ 88.80221141,  94.5081787 ,  94.59300658,  96.34622848,\n",
       "         96.89244283,  98.07122664, 101.08830521, 106.11454989],\n",
       "       [ 96.78266211,  99.07551254,  99.84251605, 104.03478031,\n",
       "        104.15899829, 105.13668343, 105.37011896, 106.57052697],\n",
       "       [ 98.65912661,  98.72774132,  99.4889538 ,  99.57859892,\n",
       "        101.86186193, 103.05541444, 103.61720152, 104.70526438],\n",
       "       [ 93.04610867,  96.5937781 ,  96.59385486,  97.49594839,\n",
       "         99.92159953, 102.55198606, 104.63817694, 105.86078488],\n",
       "       [ 91.6779221 ,  96.76814836,  97.94046856,  98.29243952,\n",
       "        101.20773355, 101.79132774, 101.83845792, 102.20618501],\n",
       "       [ 98.00253006,  99.94318168, 102.26648279, 103.40412146,\n",
       "        106.38276709, 106.57364584, 106.89005002, 107.40064604],\n",
       "       [ 94.76253572,  99.80873105,  99.99579473, 100.69156231,\n",
       "        101.32113654, 101.63973121, 106.46476468, 110.43976681],\n",
       "       [ 94.57421727,  95.62359311,  96.10020311,  97.99762409,\n",
       "         98.61325194, 100.80409326, 103.83852459, 105.02389857],\n",
       "       [ 93.97853495,  94.11176915,  97.62787811,  98.75108352,\n",
       "         99.62387832, 100.07721494, 104.51786419, 106.05042487]])"
      ]
     },
     "execution_count": 22,
     "metadata": {},
     "output_type": "execute_result"
    }
   ],
   "source": [
    "# sort each row in our dataset\n",
    "row_sorted = np.sort(dataset)\n",
    "row_sorted"
   ]
  },
  {
   "cell_type": "code",
   "execution_count": 23,
   "id": "passive-drain",
   "metadata": {},
   "outputs": [
    {
     "data": {
      "text/plain": [
       "array([[ 91.37294597,  88.80221141,  90.93318132,  93.18884302,\n",
       "         85.98839623,  91.6604946 ,  91.32093303,  92.5748759 ],\n",
       "       [ 92.02628776,  91.6779221 ,  93.24376389,  94.59300658,\n",
       "         89.03452725,  92.65657752,  93.04610867,  94.20019732],\n",
       "       [ 94.11176915,  92.0108226 ,  93.83969256,  96.74630281,\n",
       "         92.75048583,  95.19184343,  94.35373179,  94.76253572],\n",
       "       [ 95.65982034,  92.87730812,  94.5081787 ,  97.24130034,\n",
       "         92.9267508 ,  95.46493436,  96.50342927,  95.08715803],\n",
       "       [ 95.66253664,  93.87155456,  97.75887636,  97.24584816,\n",
       "         93.37126331,  95.62359311,  96.81964892,  95.85284217],\n",
       "       [ 96.02548256,  94.57421727,  98.45723272,  97.62787811,\n",
       "         93.97853495,  96.2832753 ,  96.89244283,  97.59572169],\n",
       "       [ 96.10020311,  95.17750125,  99.32066924,  97.65393524,\n",
       "         95.93799169,  96.34622848,  96.96851209,  98.00253006],\n",
       "       [ 96.76814836,  96.59385486,  99.57859892,  97.85230675,\n",
       "         98.29243952,  96.5937781 ,  97.57544275,  98.07122664],\n",
       "       [ 96.78266211,  97.10439252, 100.28690912,  99.4889538 ,\n",
       "         98.61325194,  98.65912661,  97.94046856,  98.56783189],\n",
       "       [ 97.21315663,  98.29687616, 100.40118279,  99.95827854,\n",
       "         98.74986914,  98.74767493,  97.99762409,  99.58664719],\n",
       "       [ 97.49594839,  99.62387832, 100.80409326, 100.61742813,\n",
       "         98.80084371,  98.75108352,  98.37481387,  99.92159953],\n",
       "       [ 99.14931546,  99.84251605, 101.5363647 , 100.72418901,\n",
       "         99.94318168,  98.80833412,  98.72774132, 100.07721494],\n",
       "       [ 99.80873105, 100.37372248, 101.79132774, 101.20773355,\n",
       "        100.44940274,  99.35999981,  98.87007532, 101.13442416],\n",
       "       [100.39303522, 100.96781394, 102.17642112, 101.34745901,\n",
       "        100.69156231,  99.69982772,  99.07551254, 101.23162942],\n",
       "       [101.20862522, 101.63973121, 102.26648279, 102.55198606,\n",
       "        101.08830521,  99.99579473, 100.79478953, 102.20618501],\n",
       "       [101.3514185 , 102.82360856, 103.19258339, 102.93039474,\n",
       "        101.29326772, 100.85447132, 101.2226037 , 102.35313953],\n",
       "       [101.86186193, 102.97585605, 104.03478031, 104.40518318,\n",
       "        101.83462816, 101.72074646, 101.32113654, 103.29147111],\n",
       "       [102.80387079, 103.5730309 , 104.51786419, 105.02389857,\n",
       "        102.45651798, 101.83845792, 103.05289628, 103.83852459],\n",
       "       [103.1521596 , 103.61720152, 104.63817694, 105.85269352,\n",
       "        103.05541444, 102.62384733, 104.60344836, 103.93383957],\n",
       "       [105.30350449, 104.03852715, 106.46476468, 106.57052697,\n",
       "        105.0320535 , 103.40412146, 105.07475277, 104.15899829],\n",
       "       [106.11454989, 106.57364584, 106.47551845, 107.40064604,\n",
       "        105.13668343, 105.37011896, 105.7197853 , 104.70526438],\n",
       "       [106.71751618, 107.02874163, 106.6471081 , 110.18889465,\n",
       "        105.48508838, 105.95297652, 106.05042487, 106.03868807],\n",
       "       [106.89005002, 107.22482426, 107.19119932, 110.43976681,\n",
       "        105.86078488, 108.09423367, 106.1472841 , 106.54654286],\n",
       "       [110.44484313, 109.40523174, 107.43534677, 113.42090475,\n",
       "        106.39798503, 108.57980357, 106.38276709, 106.83273763]])"
      ]
     },
     "execution_count": 23,
     "metadata": {},
     "output_type": "execute_result"
    }
   ],
   "source": [
    "# Use the 0 axes to sort the values by column\n",
    "col_sorted = np.sort(dataset, axis=0)\n",
    "col_sorted"
   ]
  },
  {
   "cell_type": "code",
   "execution_count": 24,
   "id": "medical-advancement",
   "metadata": {},
   "outputs": [
    {
     "data": {
      "text/plain": [
       "array([ 96.81964892,  97.85230675,  98.56783189,  98.74986914,\n",
       "        98.80833412,  99.14931546, 104.03852715, 107.43534677])"
      ]
     },
     "execution_count": 24,
     "metadata": {},
     "output_type": "execute_result"
    }
   ],
   "source": [
    "# Create a sorted index list and use fancy indexing to get access to sorted elements easily\n",
    "index_sorted = np.argsort(dataset[0])\n",
    "dataset[0][index_sorted]"
   ]
  },
  {
   "cell_type": "code",
   "execution_count": 25,
   "id": "shaped-swimming",
   "metadata": {},
   "outputs": [
    {
     "data": {
      "text/plain": [
       "array([[ 99.14931546, 104.03852715, 107.43534677,  97.85230675],\n",
       "       [ 92.02628776,  97.10439252,  99.32066924,  97.24584816],\n",
       "       [ 95.66253664,  95.17750125,  90.93318132, 110.18889465],\n",
       "       [ 91.37294597, 100.96781394, 100.40118279, 113.42090475],\n",
       "       [101.20862522, 103.5730309 , 100.28690912, 105.85269352],\n",
       "       [102.80387079,  98.29687616,  93.24376389,  97.24130034],\n",
       "       [106.71751618, 102.97585605,  98.45723272, 100.72418901],\n",
       "       [ 96.02548256, 102.82360856, 106.47551845, 101.34745901],\n",
       "       [105.30350449,  92.87730812, 103.19258339, 104.40518318],\n",
       "       [110.44484313,  93.87155456, 101.5363647 ,  97.65393524],\n",
       "       [101.3514185 , 100.37372248, 106.6471081 , 100.61742813],\n",
       "       [ 97.21315663, 107.02874163, 102.17642112,  96.74630281]])"
      ]
     },
     "execution_count": 25,
     "metadata": {},
     "output_type": "execute_result"
    }
   ],
   "source": [
    "# Use the combining features to add the second half of the first column back together\n",
    "half = np.hsplit(dataset, (2))\n",
    "halfed_first = np.vsplit(half[0], (2))\n",
    "halfed_first[0]"
   ]
  },
  {
   "cell_type": "code",
   "execution_count": 26,
   "id": "civil-usage",
   "metadata": {},
   "outputs": [
    {
     "data": {
      "text/plain": [
       "array([[ 99.14931546, 104.03852715, 107.43534677,  97.85230675],\n",
       "       [ 92.02628776,  97.10439252,  99.32066924,  97.24584816],\n",
       "       [ 95.66253664,  95.17750125,  90.93318132, 110.18889465],\n",
       "       [ 91.37294597, 100.96781394, 100.40118279, 113.42090475],\n",
       "       [101.20862522, 103.5730309 , 100.28690912, 105.85269352],\n",
       "       [102.80387079,  98.29687616,  93.24376389,  97.24130034],\n",
       "       [106.71751618, 102.97585605,  98.45723272, 100.72418901],\n",
       "       [ 96.02548256, 102.82360856, 106.47551845, 101.34745901],\n",
       "       [105.30350449,  92.87730812, 103.19258339, 104.40518318],\n",
       "       [110.44484313,  93.87155456, 101.5363647 ,  97.65393524],\n",
       "       [101.3514185 , 100.37372248, 106.6471081 , 100.61742813],\n",
       "       [ 97.21315663, 107.02874163, 102.17642112,  96.74630281],\n",
       "       [ 95.65982034, 107.22482426, 107.19119932, 102.93039474],\n",
       "       [100.39303522,  92.0108226 ,  97.75887636,  93.18884302],\n",
       "       [103.1521596 , 109.40523174,  93.83969256,  99.95827854],\n",
       "       [106.11454989,  88.80221141,  94.5081787 ,  94.59300658],\n",
       "       [ 96.78266211,  99.84251605, 104.03478031, 106.57052697],\n",
       "       [101.86186193, 103.61720152,  99.57859892,  99.4889538 ],\n",
       "       [ 97.49594839,  96.59385486, 104.63817694, 102.55198606],\n",
       "       [ 96.76814836,  91.6779221 , 101.79132774, 101.20773355],\n",
       "       [106.89005002, 106.57364584, 102.26648279, 107.40064604],\n",
       "       [ 99.80873105, 101.63973121, 106.46476468, 110.43976681],\n",
       "       [ 96.10020311,  94.57421727, 100.80409326, 105.02389857],\n",
       "       [ 94.11176915,  99.62387832, 104.51786419,  97.62787811]])"
      ]
     },
     "execution_count": 26,
     "metadata": {},
     "output_type": "execute_result"
    }
   ],
   "source": [
    "# Use vstack to vertically combine the halfed_first datasets\n",
    "first_col = np.vstack([halfed_first[0], halfed_first[1]])\n",
    "first_col"
   ]
  },
  {
   "cell_type": "code",
   "execution_count": 27,
   "id": "complete-plaintiff",
   "metadata": {},
   "outputs": [
    {
     "data": {
      "text/plain": [
       "array([[ 99.14931546, 104.03852715, 107.43534677,  97.85230675,\n",
       "         98.74986914,  98.80833412,  96.81964892,  98.56783189],\n",
       "       [ 92.02628776,  97.10439252,  99.32066924,  97.24584816,\n",
       "         92.9267508 ,  92.65657752, 105.7197853 , 101.23162942],\n",
       "       [ 95.66253664,  95.17750125,  90.93318132, 110.18889465,\n",
       "         98.80084371, 105.95297652,  98.37481387, 106.54654286],\n",
       "       [ 91.37294597, 100.96781394, 100.40118279, 113.42090475,\n",
       "        105.48508838,  91.6604946 , 106.1472841 ,  95.08715803],\n",
       "       [101.20862522, 103.5730309 , 100.28690912, 105.85269352,\n",
       "         93.37126331, 108.57980357, 100.79478953,  94.20019732],\n",
       "       [102.80387079,  98.29687616,  93.24376389,  97.24130034,\n",
       "         89.03452725,  96.2832753 , 104.60344836, 101.13442416],\n",
       "       [106.71751618, 102.97585605,  98.45723272, 100.72418901,\n",
       "        106.39798503,  95.46493436,  94.35373179, 106.83273763],\n",
       "       [ 96.02548256, 102.82360856, 106.47551845, 101.34745901,\n",
       "        102.45651798,  98.74767493,  97.57544275,  92.5748759 ],\n",
       "       [105.30350449,  92.87730812, 103.19258339, 104.40518318,\n",
       "        101.29326772, 100.85447132, 101.2226037 , 106.03868807],\n",
       "       [110.44484313,  93.87155456, 101.5363647 ,  97.65393524,\n",
